42 42
9
AIR700ICRU              
LUNG700ICRU             
ICRUTISSUE700ICRU       
ICRPBONE700ICRU         
CU700ICRU               
AL700ICRU               
Gadox                   
amSi                    
170C700ICRU 
18
4 1.02499998 .30467434
1 0.00129000004 .30467434
6 2.70000005 .30467434
1 0.00129000004 .30467434
5 3.95000005 .30467434
1 0.00129000004 .30467434
6 2.70000005 .30467434
9 2.53999996 .30467434
8 3.67000008 .30467434
7 2.04999995 .30467434
9 2.53999996 .30467434
1 0.00129000004 .30467434
5 3.95000005 .30467434
1 0.00129000004 .30467434
6 2.70000005 .30467434
1 0.00129000004 .30467434
4 1.02499998 .30467434
1 0.00129000004 .30467434    
                    